# Created by Octave 4.2.2, Fri May 03 12:03:53 2019 CDT <ross@ross-linux-Asus>
# name: x
# type: matrix
# rows: 1
# columns: 1000
 0.6414213562373094 1.576909785789247 2.388878220716102 2.971651221403415 3.250281141594141 3.190647699586608 2.804044614427684 2.145633935452934 1.306976889646224 0.4036500642069559 -0.440380512016513 -1.1095169675185 -1.512155613996442 -1.593070977763177 -1.340885271839948 -0.7896144895318941 -0.01408229261710892 0.8801789371712222 1.771175968359885 2.536927254672716 3.071935417439549 3.301434958504324 3.191490947488177 2.753584769777275 2.043067568476197 1.151690209645709 0.1952185929885746 -0.7021931236813845 -1.424760960927468 -1.880697957180629 -2.014598985694263 -1.814910980072376 -1.31547974537744 -0.5909645243990378 0.2532603155218497 1.095352563104615 1.813474156903498 2.302263177382595 2.48708112238046 2.334111211545213 1.85494380749033 1.105029587941366 0.1762092988671586 -0.8156710889224267 -1.746387251414957 -2.50009498640128 -2.984957034633324 -3.145527822676607 -2.970223559979416 -2.492868868899424 -1.788111119311194 -0.9613218355251623 -0.134349090138578 0.5709548580375925 1.04920596400493 1.225736116319836 1.066691918612303 0.5836206169398463 -0.1680761965908868 -1.096612277899677 -2.086201004276802 -3.01268166281918 -3.760277333252303 -4.237221112098853 -4.388140257899592 -4.201525694132118 -3.711278052624612 -2.992121433052374 -2.149504250093827 -1.305351086570615 -0.581589813253589 -0.08367869665565641 0.1136417838109645 -0.0235518515381572 -0.4837797588541908 -1.211704707739653 -2.115601455110918 -3.079740739341479 -3.980015332039243 -4.700697727970165 -5.150066220989278 -5.272788946262733 -5.05739332567799 -4.537812099165234 -3.788797117118631 -2.915820264773767 -2.040825435830305 -1.285755814658111 -0.7560811867664663 -0.526549996986168 -0.6310904140154641 -1.058224317477701 -1.75261357676112 -2.622529794808319 -3.552238697136099 -4.417626600136607 -5.102958535711058 -5.516504776502184 -5.602925338303244 -5.350739892750781 -4.793874269174236 -4.007074716908322 -3.095809295034879 -2.182020302973292 -1.387652007433344 -0.8181783816585416 -0.5483555727544966 -0.6121233522220848 -0.9980194624578335 -1.650726225277213 -2.478540582606098 -3.365758746812144 -4.188302892151796 -4.830479462059702 -5.200605834491084 -5.243394920122321 -4.947425125039967 -4.346686855622792 -3.515996736070409 -2.560898905017352 -1.603417304453048 -0.7655832165954413 -0.152962765113593 0.1595909027065618 0.1380364966050478 -0.2062693874152373 -0.8181184570813849 -1.605920305292515 -2.454086562852875 -3.238657056621194 -3.84405755072104 -4.178725816187352 -4.187495607250549 -3.859065979493921 -3.227547131382447 -2.367873943575575 -1.385706586562546 -0.4031821140564544 0.4575586978994517 1.090844545349403 1.421722103366585 1.416055584857542 1.08511343261954 0.4840227724795514 -0.2956995489785745 -1.138530526112598 -1.920566593515822 -2.526280844441276 -2.864148617442374 -2.879031032939348 -2.559643918228291 -1.940103305464666 -1.095338679798637 -0.1309933506792911 0.8308241340624598 1.668013269543459 2.274954848284599 2.576759465615365 2.539367014540782 2.174133250996312 1.536284057220407 0.717446227020859 -0.1667364104405373 -0.9922289655089422 -1.64336314170811 -2.028463315582701 -2.092230622343413 -1.823212483417611 -1.255348757695142 -0.4633856905933424 0.4472229693908355 1.354563770658523 2.136736017091475 2.688324167074071 2.934645455109055 2.841848479062897 2.421498838650852 1.729032457712519 0.8562854189842645 -0.08089086699695602 -0.958256590958821 -1.659942147008225 -2.094075150075832 -2.205165443280717 -1.98157552633929 -1.457067581925516 -0.7062182693457382 0.1656793494147965 1.036862839722412 1.785572126708196 2.306521215898518 2.525145187967564 2.407698214123191 1.965838680917597 1.255082059902209 0.3673303533711887 -0.581513059978123 -1.467170609733854 -2.173749322421343 -2.60936795531077 -2.718542049267369 -2.489654331454223 -1.956501644870883 -1.193709574558648 -0.3066341363858514 0.5828855587975079 1.352999410324134 1.898318486045561 2.144162517404971 2.056658475076588 1.647326310954575 0.9715324985923699 0.1210201997279576 -0.7884751231546197 -1.632852082620294 -2.296401308396715 -2.687431701547701 -2.750654579311936 -2.474653146281627 -1.893428473884789 -1.081813163071064 -0.1453720612415204 0.793846048630937 1.613781526222893 2.208836998149587 2.50412580681985 2.465571522707398 2.104494600959535 1.476066809725584 0.6718422532934774 -0.1926261943660312 -0.9934124841699081 -1.614974596456578 -1.965780104843455 -1.990689681348977 -1.678425981484849 -1.063119093993214 -0.2197197325053022 0.7461004578079034 1.71219755897315 2.556428742565888 3.173125613462934 3.48734281293316 3.464957619730889 3.117256630301745 2.499390146045253 1.702903091650768 0.8433512813942077 0.04467559651073238 -0.5775555062284958 -0.9317719017962518 -0.9627856993765145 -0.6592605758235253 -0.05525772161386278 0.7743504268582161 1.723979299227061 2.671580231586147 3.495113177672439 4.089019372793651 4.378469232765674 4.329461230958507 3.953407839070342 3.305589164130514 2.477683110324729 1.585380887097008 0.7527604311759102 0.09552816711854484 -0.294607636311198 -0.3623214890034645 -0.09614071329132545 0.4700079337784309 1.261383879598663 2.172531230707698 3.081526230599608 3.866449425964839 4.421857826136829 4.673032340511096 4.586076239235583 4.172500724679688 3.487678247749114 2.623372398876221 1.695353196042104 0.8277703380397163 0.1363948477938166 -0.2870076370634644 -0.3870615018895229 -0.1522511534752746 0.3835324420986317 1.145577510673453 2.028450142689285 2.91024197285757 3.669042609856041 4.199412098264013 4.42662869470381 4.316787700465087 3.881387434896185 3.175782980227542 2.291716524099476 1.344933118462042 0.4595544192614303 -0.2486791721454271 -0.6880347125796855 -0.8031708451161415 -0.5826072880793565 -0.06027086755738531 0.6890907311658399 1.560008121853409 2.430538367063988 3.178737858859475 3.69913520926869 3.91697942922556 3.798339135207041 3.354688865019503 2.641363130798439 1.750087033145251 0.7965922529889296 -0.09500901621116586 -0.8089817764847276 -1.253594321523387 -1.373502301379048 -1.15721819269122 -0.6386573572879373 0.1074481355153156 0.9756485519135606 1.844024484459396 2.590659531253208 3.110112943622795 3.327667522664845 3.209428505816732 2.766909527131665 2.05548628181046 1.166926721650773 0.2170066009712353 -0.6701170611939453 -1.378664179820294 -1.81685820792821 -1.92931072261328 -1.704491426264226 -1.1762747419069 -0.4193541740201865 0.4608561981960404 1.342469181694361 2.103596629125531 2.638821581200989 2.873445676185236 2.773587571536734 2.350768465108262 1.660365350058961 0.7941408335751955 -0.1321416577944812 -0.9943447173527096 -1.676715416397552 -2.087512123124694 -2.171389256683184 -1.916867407567427 -1.357880001577012 -0.569187677292456 0.3437202570227367 1.258873374431062 2.054292433168643 2.62446171753557 2.894576699848677 2.830642767838623 2.444061103917048 1.790082349139154 0.9603368802959521 0.07045052095016358 -0.7555817470566358 -1.402153648621527 -1.777673801660613 -1.826949802225024 -1.538657643081558 -0.9468876466647229 -0.126558086247647 0.8166841346681735 1.76071182781607 2.583390631001614 3.17905216398594 3.472742508812771 3.430321754270969 3.06305068619051 2.426045251659864 1.610807620879066 0.7328426627922393 -0.08396760357167654 -0.7241211635371101 -1.096121516098941 -1.144861119898296 -0.8590902145026675 -0.2729622017124722 0.5385532356807787 1.469769904359564 2.398533840192055 3.202696754957461 3.776589467317469 4.04527059532031 3.974626248359491 3.575956798873966 2.904431360827544 2.05161879800827 1.13310407799103 0.2728625337814831 -0.4134975478839003 -0.8343607598291705 -0.9344884098754322 -0.7024877954697009 -0.1723581002625217 0.5810959122577315 1.452363037410753 2.319473683261958 3.060472580920216 3.569891432023141 3.772996774563807 3.635888809104717 3.17008727001333 2.430984973315241 1.51037786893921 0.5240804180873931 -0.4037011372422021 -1.157127188490581 